ne = 10;
ef = 12.8320;
energylist = ef + linspace(-0.5, 0.5, ne);
omegalist = [.01 .02];
eta = 1e-15;
temp = 0;
alat = 6.5706;
a1 = [   1.000000   0.000000   0.000000 ] * alat;
a2 = [   0.000000   1.797000   0.000000 ] * alat;
a3 = [   0.000000   0.000000   4.032000 ] * alat;
hfile = 'hfile.mat';
kfile = 'kfile.mat';
outputfile1 = 'bulk';
outputfile2 = 'surf';
outputfile3 = 'dualsurf';
