ne = 1000;
ef = 12.8320;
energylist = ef + linspace(-4, 4, ne);
omegamax = 2;
w_to_e_ratio = 2;
prog_step = 100;
eta = 1e-16;
abs_temp = 0;
alat = 6.5706;
a1 = [   1.000000   0.000000   0.000000 ] * alat;
a2 = [   0.000000   1.797000   0.000000 ] * alat;
a3 = [   0.000000   0.000000   4.032000 ] * alat;
hfile = 'hfile.mat';
kfile = 'kfile.mat';
outputfile1 = 'sigma';
outputfile2 = 'spin-sigma';
